-7103044 -205 -201
39149950199 1 2
-16182281 -103 -102
-2948751343 -95 -92
1460 104 101
15949750358 2 1
2353646426 62 61
-2216873136 156 152
-41355144953 25 21
-19549250840 -14 -11
36845554599 -55 -52
-20552947145 23 21
-38554145995 5 1
-14049950138 3 1
35550849271 -12 -11
3954645490 31 31
-17150549513 3 1
26347552543 14 12
1752247853 11 12
24554445644 122 121
-13153446638 83 81
-24639 -104 -101
-2965114896 -172 -172
-350849210 1 2
-10301070 173 171
14231771 101 102
-27051348799 4 1
1251580 25 21
1251583 155 151
-41453946157 35 32
12221881 -56 -52
-826140 53 51
16646054080 22 22
4152528 73 71
-52119100 -151 -152
-5132769 6 2
-32667132929 176 172
3555944126 31 31
-4855544516 53 51
10141958138 -102 -102
1251571 122 122
-4202073 -103 -101
43853047074 31 32
37051648486 1 1
-45243956154 -84 -81
-44753246822 5 1
-3547252862 22 21
-3646453692 -33 -31
-12122882 -304 -301
-2847652428 -31 -32
-13192120 4 2
-7103011 4 1
9853646432 83 81
-9851248899 -23 -21
21748651472 22 22
19332068069 -151 -152
12551348752 31 31
-13241624 -102 -102
-1051148993 -11 -11
-35346853295 -86 -82
8261433 -73 -71
3651348710 31 32
11192160 -101 -101
34848651493 -22 -21
-9192179 -124 -121
-14254645413 3 1
-15227820 -255 -251
-45349750342 5 1
-4235584420 -125 -121
-15349051037 33 31
1557642411 32 31
-220203 -171 -172
17221873 71 71
4647053049 -35 -32
25452048046 61 61
-715294710 -71 -71
4648451665 13 12
-38153546594 4 1
174778222100 2 2
-25167532560 254 251
-214785224 -23 -22
11192175 72 72
12172373 -51 -51
-50449450632 -205 -202
7450949191 41 41
-1550549548 -11 -11
-36960439636 115 111
4152581 104 101
-15953446644 34 31
-8261473 124 121
-22243057052 5 2
3152947193 31 31
2249550547 13 11
-2145654426 -32 -31
756643426 1 1
-1246653435 -72 -72
2374 104 101
20252147959 42 41
-38153546564 -14 -11
-72428572100 -71 -72
16192126 202 201
-27669430632 196 192
-16231725 -154 -151
11928 -202 -201
-2142685 -101 -101
20450649461 52 51
-18548751326 13 11
2949650491 11 12
14155144948 123 121
-11932467645 -205 -201
-3134725285 -83 -81
044555521 54 51
43350050092 -66 -62
-30046353737 -215 -212
-2231779 102 102
1064945060 13 11
-42953346759 -25 -21
-26832867276 4 1
-1549450641 -12 -12
23450050098 31 32
-3748052032 -32 -32
-105184823 -11 -11
13150050050 21 21
-9202020 53 51
-11103048 -75 -72
-18482518100 -11 -12
-2452847238 2 1
-101525100 -226 -222
-1052647444 -11 -11
-3555494515 74 71
-3149950124 -23 -21
915252 2 2
-1524485520 -153 -151
-24554245814 14 12
-20747852253 3 1
-12945954137 -62 -61
-10351648413 -101 -102
35546 -201 -202
-15155544549 12 12
29652247872 65 62
13772 -301 -301
-9152581 -224 -221
1054046030 -21 -21
-27853047065 73 71
6653546550 12 11
21150249877 -23 -22
9202058 153 151
36754046046 104 102
-7281245 102 101
-43095310470 -125 -121
-29150749372 13 12
35552747378 32 31
2051248831 4 2
4347452691 -81 -82
748951142 -94 -92
16046054049 6 2
-14550949129 -12 -12
6949550532 1 1
13935764397 -151 -152
-37350449694 14 11
1751848238 62 61
-51723100 -174 -172
-29544155996 -185 -181
-228770230100 345 342
40751148998 -25 -22
-30348751398 -14 -12
-5384255752 -165 -161
-35613978 -42 -41
-17693155 43 41
1162481 21 22
-32557342761 84 82
0132749 1 1
10251148938 1 2
-26553446629 44 41
-52846953194 -295 -292
-523170 2 1
322189 172 171
-37257942143 64 62
27246054080 -33 -32
405284723 41 41
-8752048012 -13 -11
-31544455658 -25 -21
-122812100 3 2
-23744855260 -52 -51
-40550149938 54 51
-12048251842 -13 -11
-6551948168 24 21
-6047752326 -22 -21
-9291139 276 272
-27567332740 185 181
-34156443638 85 82
1162427 21 21
7951248854 71 72
-121228100 -301 -302
219211 -173 -172
5448751390 51 51
-9453047053 23 21
-40649250894 24 21
30248751354 -31 -31
2182271 -172 -172
794885123 71 71
-23373426638 246 242
-164915090 12 11
4055144995 122 122
-383210 23 22
-35643556595 -34 -31
-45051348752 5 1
-19759640455 -73 -71
27131168992 -142 -142
8514924 -11 -12
-4264495515 -54 -51
-4202020 -101 -102
-1749750394 -11 -12
-35451448613 -54 -52
-16851049037 23 21
-2547652439 -45 -42
-15174833 1 1
-32246953133 -54 -52
11843057093 -74 -72
171544456100 46 42
-2252048043 -21 -21
17149150996 41 42
-6112972 -54 -51
-3652847226 13 11
-22831 -205 -201
6954445697 2 1
126415585100 -182 -182
1115250 151 151
-3051348753 -34 -32
17245055072 -32 -32
-3261435 252 252
-16853946162 -33 -31
-9644755311 -72 -71
-6782229 -63 -61
2653146912 -92 -92
-32448551561 -94 -91
-2281285 404 401
4048052042 2 2
13055844215 52 52
8554564 11 11
-15654345738 3 1
793129 22 22
4281281 101 101
32046853261 12 11
7252447698 54 52
-20872127929 276 272
-23766433657 243 242
8132735 -21 -21
28250649464 -15 -12
29248551560 -12 -11
-4676823294 2 2
12950149929 36 32
1233666483 -195 -192
-2250749313 22 21
32349650472 64 62
-30642058078 -335 -331
-2271345 123 121
-28591510850 -141 -141
001020 -205 -201
7352247871 52 51
7241638 23 21
18550449650 74 72
-855154850 -82 -81
-34753246811 43 41
-41754445644 25 21
2350050066 -61 -62
3750649454 21 22
-28349350710 -14 -12
-1215214793 13 11
-6848551546 -15 -11
-1122820 -72 -72
5353846293 51 51
-20548451613 -23 -21
6112929 52 52
-3795934073 65 61
-5182271 -155 -151
-3314345664 -43 -42
5221850 202 201
4557342762 72 71
-32249250860 42 41
-43456044042 36 32
32543856280 111 112
-21129100 -372 -372
11152577 -104 -102
-37262837232 56 52
415250 -102 -101
-6378921171 33 31
8756743392 51 52
4846953145 -52 -52
8743356784 -43 -41
21555045096 52 51
13257642451 111 111
1249350743 11 12
74574426100 74 72
-40955444691 54 52
1652147913 16 12
40351948196 22 21
-2676623462 -21 -22
-1535434574 102 102
-5261473 226 222
-2271317 73 71
9649950174 81 82
15172355 102 101
3132774 -272 -272
3132777 -25 -22
-12769930198 186 182
8132711 72 72
99599401100 91 92
-46353746313 -156 -152
-12317100 -21 -22
1013270 -152 -151
-6251448651 -61 -61
-41056543555 35 32
1013271 153 151
12049550540 -45 -42
-14949850213 -33 -31
-2848651413 2 2
10475924184 1 2
620200 121 121
1535024980 -12 -11
5145954143 -93 -91
-40545254853 -34 -31
011290 -21 -21
-4142670 -172 -171
4856543521 41 41
-6451248863 13 11
37549950196 -35 -32
-7202050 -76 -72
965544463 91 91
249650414 -22 -22
10172376 3 1
274765244 -43 -42
-19648052055 3 2
15172329 51 51
-8162454 -25 -22
15648751384 -12 -12
-13064735329 -23 -22
-5454046038 -32 -31
-43853246893 -15 -11
-3122835 -154 -151
3949350794 6 2
-28253146929 4 1
-1152247839 -11 -11
-9241624 -75 -71
-5004745266 -125 -121
535344669 1 1
16650050076 144 142
-13947552513 -43 -42
8172357 101 101
-753510 -174 -171
210025 202 201
-5744555562 2 1
-3151049010 -34 -32
1849450639 14 12
-39646753394 -24 -21
14849450647 1 1
-4746653450 -41 -41
-9241639 -124 -122
-45552547522 -35 -31
-46150549513 -185 -181
-22645055038 -113 -112
11112972 5 2
153946193 1 1
-22946453638 -43 -41
7753746394 71 71
-7202082 -24 -21
-1076853152 -12 -12
-36353146995 15 11
15647352733 14 12
-2348651484 -21 -22
-1675124995 315 311
33524824 131 132
-26853846299 113 111
-34142557598 -122 -121
-17148551538 -13 -11
21836963164 -122 -122
-154345712 22 21
-5221876 206 202
26347652461 1 2
-31683258 83 81
7152564 101 101
-14348951169 14 11
25936963157 -52 -52
-52445055030 -105 -101
-916249 -324 -321
-41921100 -121 -122
6356243868 42 41
-4314755259 5 1
-22777222894 356 352
-7241663 172 171
704815192 -15 -12
-8247152926 -12 -11
-1753746313 12 11
-2276323762 -21 -22
10854046010 21 21
195104900 11 11
-5850549564 -111 -112
4112945 -121 -122
17551248897 -62 -61
-40349250850 -44 -41
411293 -153 -151
-134753100 -135 -132
-27951848226 94 91
-40244855211 -94 -92
-41652347756 -144 -142
42651748348 31 31
-16950749313 33 31
-21594122 84 81
-31349650476 -12 -11
527136 73 71
1529110 71 71
-38451648454 44 41
37853846255 6 2
-14444056021 -55 -52
2281285 372 372
-963426 -174 -171
-22149550551 -32 -31
-40244955194 -35 -31
1550 2 1
26151648483 91 91
-3455534474 4 1
-254925083 -21 -21
47750050099 74 72
23951148935 1 1
-23452048062 64 61
1385544460 82 81
-473310 56 52
-34751348727 24 21
-22119100 -76 -72
-10550949141 -105 -102
1545084924 -12 -11
2281279 122 122
-22973226898 245 242
3514695310 -63 -61
-53044455652 -105 -101
-3162435 -121 -122
-2986923083 245 241
-23052347771 23 22
-39441658453 -104 -102
-34249450694 -44 -41
-5182228 154 151
-154345743 1 1
-40753446639 44 41
-5134465684 -155 -151
2202021 175 171
-13460 73 71
-13651948195 -23 -22
-35351348712 -124 -121
-44050149957 -15 -11
-3655364644 -14 -11
-26666933194 176 172
-5182235 -204 -202
0261453 1 1
1844855233 -111 -112
-41147053013 -44 -41
6148451629 61 62
-46245554512 -244 -241
25655244899 61 61
23948551564 -22 -22
15951448636 21 21
-48648451662 -25 -21
13256543513 121 121
-22651248815 23 21
9103031 -56 -52
-30757142943 23 22
-21643456613 -73 -71
-10146054038 -82 -81
549450641 5 2
-28869230822 245 241
6156643448 61 61
-2149250810 -21 -22
-45951148962 15 11
-47848951136 -65 -61
-594735270 -32 -31
-19344355777 -15 -11
10132774 52 51
-3225784227 114 111
-16354145911 3 1
-24351948150 23 21
2152247838 42 41
-9668431697 215 211
-33613970 12 11
-46450749353 -15 -11
7112926 72 72
-5141059078 -65 -61
-12645854231 -32 -31
3451148915 -42 -42
10132741 -51 -51
17844955183 23 21
21650949144 46 42
8271379 101 101
-528129 272 271
-92508492100 -93 -92
5261423 51 51
-35604074 -12 -11
-131129100 -322 -322
-3291150 204 201
-12745754365 -124 -122
45364645 1 1
26252147953 -55 -52
-26345554562 -113 -111
7112910 172 172
62812100 103 102
2651148910 25 22
-37544355791 -123 -121
-4162453 25 21
2651348798 22 21
4231784 -52 -52
-52441258894 -215 -211
9142629 -23 -22
-13948751353 -43 -41
3271371 72 71
-20157842291 114 111
-9050149917 -63 -62
19455045094 121 121
10844755382 -61 -61
1348551529 -42 -42
12145254824 -32 -32
30456443692 132 132
9844155942 -55 -52
-14950949149 -12 -12
31544669 -126 -122
33247752392 -42 -41
-2595124885 -23 -21
-25574325762 286 282
-553546 -72 -71
25745854254 -24 -22
-33149051053 4 1
-114260 74 71
-2715364645 3 1
1246253852 -13 -11
9142610 72 72
6152520 122 122
23250949188 -52 -51
7054945192 41 41
82416100 51 52
-1050349748 -11 -11
53544690 186 182
-40344455613 -14 -12
15652347790 -31 -31
22442757390 103 101
-26460439611 105 102
3453746362 62 61
-44952247827 -35 -31
952347721 23 21
-40549650494 -14 -11
-33650949142 34 31
-21240959192 -75 -71
-34454245831 14 11
-4162482 -101 -102
1221873 54 52
-2221872 -51 -51
-9945055056 -91 -92
20030469698 -222 -222
611293 1 2
-1347852239 -11 -12
-2221876 -52 -51
-39534466100 -63 -62
22753047096 32 32
-10192129 126 122
27742257874 63 61
-15043556572 -45 -41
-2554046026 2 1
19542058046 -63 -62
-1152147942 -61 -61
-3053646426 -31 -31
10848052057 -182 -182
-41056243853 15 11
8051748332 3 2
-36546153953 -44 -42
31551248864 -51 -51
-2047952110 -22 -22
-432863 303 301
13971128938 -26 -22
32250949184 -16 -12
1053146919 -63 -61
16847452651 -85 -82
-3051049043 12 11
-12713100 -21 -22
-473373 -171 -172
-10192119 -205 -201
1550449671 1 2
-25073526541 236 232
-26366490 -145 -141
-39349650453 -64 -61
8231782 272 272
-39604062 -104 -101
36048651472 16 12
5049650451 -84 -82
-10122831 -72 -71
-6676123968 13 12
-13176223862 -13 -12
-35852847229 74 72
-66434566100 -63 -62
-2044735272 -43 -41
-13683223 125 121
-14150849210 73 72
38663469 45 42
-3251576 72 72
-39149550594 4 1
-33957542563 34 31
-2114995014 23 22
-5261423 122 121
-41555144937 15 11
-14642457657 -55 -51
-6460 -205 -201
-38343156983 -345 -341
041858219 -104 -101
-11192124 -126 -122
9248951143 -35 -32
-39604087 -43 -41
-33453746331 54 52
-524163 104 101
14354945156 51 52
24752547541 32 31
-294565440 -43 -41
37749850264 -31 -31
4182263 24 21
22614100 51 52
18746753365 -22 -21
-29948951124 5 1
-42754145913 -45 -42
13172316 106 102
3251548555 -12 -11
45526474100 23 22
34147952154 5 2
-9343156950 -15 -11
-869330713 1 2
-2053246843 -21 -21
-454845243 1 1
29851948168 21 21
-885324681 -72 -71
-32345954143 -14 -11
1450249830 -53 -52
8645354758 3 2
-48947252821 -65 -61
2553546554 1 2
-23451548565 -44 -41
-10349450638 -13 -11
2964367 65 62
1452447611 72 71
-2184185822 -164 -161
5653047010 51 52
-12548551538 3 2
-114845169 -51 -52
12211935 72 72
-11444255831 55 51
109155014500 32 31
-9550949110 -93 -92
-26645354764 -36 -32
-23376383 -54 -51
11211967 5 2
-31956843242 75 71
-20947652410 23 21
142713100 54 52
-25747752398 -255 -252
6748951149 -26 -22
-51710249760 -245 -241
-46793210 1 1
-37564429 -265 -262
1051049064 2 1
24049350721 -61 -61
-33143856210 -44 -42
-18210 -202 -201
-26351348722 43 42
-4848651430 -52 -52
-35557342761 114 111
11858941143 91 91
20131568574 -212 -212
-3649650443 2 1
-11192167 -155 -151
553346739 52 51
-46451248829 5 1
-48149051041 -45 -42
-30849150988 -104 -102
39645954191 -26 -22
-1952247862 42 41
12150050090 -21 -22
17244056046 -102 -101
20257242810 31 31
-61921100 -126 -122
-8876823294 2 2
3103020 -24 -21
-14152547532 -23 -21
246653452 -23 -22
10655444686 72 72
33947152974 23 21
3182239 -105 -102
-27703066 92 91
-8748851242 13 11
30351348792 152 152
6848351794 35 32
2252647410 21 22
10952847214 -21 -21
-31624100 -201 -202
1192181 74 72
362515485100 -24 -22
775924162 6 2
-27671428620 245 241
-45648151954 -35 -31
15251572 72 72
-29267033041 -54 -52
-13572927119 12 12
10150649415 -51 -51
-853146948 1 1
25256243812 32 31
0231771 -22 -21
-12675224879 366 362
-20347152973 14 11
8142675 -121 -122
16750349710 53 52
0231776 -24 -22
-23547552511 23 21
-21550349750 2 1
447852242 -31 -32
826145 -23 -21
-2820 -106 -102
-167157014300 -73 -71
5182282 -75 -72
-141327100 -276 -272
517230 121 121
1870129910 15 12
-12202044 -23 -21
19740559560 -82 -82
4149250833 22 21
9857842232 91 92
9158042021 91 91
-7652647411 -52 -51
15857342753 -82 -81
15555 204 201
-3465134877 3 2
-32652947111 3 1
-3075824262 2 2
746153955 145 141
36461 -102 -101
-1011290 -105 -101
25750549557 32 31
4550050098 2 1
-7347352790 -71 -71
12396124 -112 -111
25549450684 65 62
-4132782 -374 -372
21548251845 -11 -11
-9301071 176 172
-10953047053 33 31
11749350727 -12 -12
-5150249826 -22 -21
25249850250 31 31
-2452947110 -24 -22
-3211977 -72 -71
72218100 26 22
-22643856252 -105 -101
-28456643411 33 31
414995013 -11 -12
26747152935 -14 -12
10642058040 -51 -52
1117236 -52 -51
2192134 -151 -152
-2749950110 -26 -22
5456843251 51 51
-34446353711 -44 -41
15953047053 162 161
-2349650453 82 81
-4244505503 -45 -41
-1152447653 22 21
-46641158922 -95 -91
9182216 5 2
-25074825243 256 252
-14148851212 -154 -152
-7251566 -73 -71
23448151943 -95 -92
-3845154854 -24 -21
18465934163 3 2
-710305 55 51
21756543571 111 111
-2435274736 33 31
-1255094910 -14 -11
-947752376 -14 -12
-8172354 74 72
-29451049053 -24 -21
2645854277 54 51
-41846553522 -55 -51
27247552576 -32 -32
5142620 26 22
-1132769 105 102
-11643556546 -14 -12
-5211937 25 21
974935072 23 22
20750949163 -11 -11
12251546 -23 -21
-5760439610 -52 -52
7453246831 71 71
-211290 -21 -21
-161426100 -254 -252
675224862 5 2
-211293 -54 -52
-631937 73 71
2275424668 4 2
18149550567 3 1
-34256743339 74 71
-3043856254 -134 -131
7253546555 71 72
17038561519 -142 -142
4653146938 41 41
-15051648443 -13 -11
-8172374 -174 -171
-13745954159 -14 -11
-9953646444 -91 -91
35572 201 202
124935077 1 1
-424735276 -51 -51
14639 1 2
-8947252813 -91 -91
-626140 124 121
7853246871 4 2
35152847298 -21 -21
-14241666 -26 -22
-19447252856 -23 -21
-28467033026 215 212
49653246883 105 102
11570429625 6 2
1012282 152 151
-12145854238 -92 -91
-1446054043 -92 -91
-4804095913 -144 -141
-45552147936 -35 -31
383226 53 52
-4574675337 -34 -31
-34748551593 -54 -51
-3547852242 -51 -52
-52614100 254 252
-21045354767 -46 -42
-14672 -105 -102
-3826013999 125 121
6756343730 41 41
-1034975030 -104 -101
-2653559 103 101
421190 122 121
8050649443 15 12
-931972 156 152
-5051348743 -74 -72
-14692 -105 -101
-248451613 3 2
-6211958 -53 -51
048851255 3 2
4455344730 2 1
-269830210 5 2
-821190 125 121
15643691 141 141
-33352048038 -45 -41
1515255 121 121
18152847238 -42 -41
145634370 32 31
-4634405600 -14 -11
-6841558574 -264 -261
11291177 4 2
-3149450638 2 1
-15547 4 1
4951348728 22 22
-1674625462 -12 -12
-14693 -105 -101
3852048092 1 1
-17578521562 54 52
-2885584425 43 41
24949350774 4 2
39050050065 -16 -12
-2665064944 13 11
3546653434 -45 -42
4050249823 53 51
8755344798 42 41
1852447643 11 12
-15536163992 -155 -151
-917230 -74 -71
21151748398 13 12
-18651348781 64 61
-32266933158 135 131
1254145993 11 11
1271319 21 21
-29770129913 226 222
-3211982 -72 -71
-6211982 -74 -71
0271343 1 2
4248851294 -24 -22
22752447684 35 32
5147053040 -22 -22
-8211929 56 52
0231732 1 1
22049950180 3 2
-17252947196 82 81
-15049650438 33 31
-47252847262 -266 -262
-348651449 3 2
-40615044967 315 311
-9211967 -105 -101
-11752947150 22 21
-15112954 -376 -372
-40249850293 -44 -41
-6465334763 -94 -91
-33653553 -33 -31
-27252347730 14 11
-4025104904 4 1
-1172382 -21 -22
-31653346754 14 11
-2052147993 -21 -21
35653446630 3 1
7142671 1 2
5145154912 3 2
-15545154938 -43 -41
-6165734322 -54 -51
-32063836271 105 101
-37350549527 4 1
-7172319 -55 -52
7142670 6 2
15557242847 61 61
37353 101 101
-40458241832 -25 -21
24653146977 83 82
-12281259 153 151
-39354145949 84 81
-30653582 52 51
75556444100 56 52
-15252147929 53 51
6454845299 41 41
1374675330 -45 -42
5751348792 31 31
-2669830210 -21 -22
-1559 -205 -201
8046253843 2 2
5954445648 2 1
9353846213 41 41
-952247848 1 1
-41696510350 -114 -111
-253510 -76 -72
-3731 6 2
-26153546527 92 91
-20750649438 -33 -31
-20251248863 2 1
-255100 6 2
-1317230 -125 -121
614260 71 71
5291179 121 121
-3150849262 -12 -11
-6057542553 123 121
5291177 121 122
25646253864 23 22
-37148851241 4 2
0371 -402 -401
11148351743 -16 -12
2075184827 -23 -22
1122180 72 71
-24041258837 -115 -111
-4221849 104 101
2122838 -204 -201
-11211916 5 2
-3155144865 64 61
-37161938113 136 132
-22851948153 -53 -51
20855744318 31 31
-20352847293 13 11
-37749250894 4 1
-4564605400 -155 -151
-39058441647 35 31
4049650429 -61 -62
-9221873 -104 -102
-6049850262 -32 -31
19754945152 12 11
-815252 -325 -321
-14232367784 13 11
-21351049055 44 41
-69310 -124 -121
-1010300 -355 -351
13756743339 91 91
0112981 -204 -202
16156044092 131 131
-44951448635 5 1
59538462100 32 32
-35553 205 201
18236263872 -122 -122
-13761 -101 -102
-31153646442 54 51
5650849272 1 2
-750749338 -61 -61
-2666340 -84 -81
-171129100 -326 -322
-1654845160 -115 -111
26046853284 -16 -12
-4854345726 43 41
6182256 101 101
-1551748321 -11 -11
16751348733 41 41
9050249894 91 91
-24548651426 -33 -31
-19651748326 3 1
-855094910 -52 -51
-24245354711 -53 -51
-43452447627 5 1
-39547252854 -54 -51
18053746356 12 11
315250 71 71
-15050050093 63 61
-16447652454 -33 -31
-41558541597 -95 -91
-2770030026 -21 -21
-25357043078 165 162
6354745329 61 62
20425890 -123 -122
13271376 55 52
-2152647433 53 52
-29963736318 194 191
913273 201 202
-26142557510 -105 -101
31921100 -74 -72
-713270 -105 -101
-13449750372 73 71
-9132716 -174 -171
11261437 3 2
143280 121 121
-4650249853 -12 -11
-22062137968 65 61
13645554519 31 32
31047352779 -22 -22
-35633749 -23 -21
-38151948131 -24 -21
-6231750 -124 -121
-24166233884 136 132
-43748052053 -14 -11
-25551748327 -12 -11
2162488 51 51
151248854 2 2
24051049099 3 2
-34252647454 24 22
11148620 -83 -82
15649051035 3 1
-12544655432 -181 -182
-10250749340 13 11
0291136 74 71
-25155344733 84 81
-12874 -103 -101
273344 -71 -72
-15248651450 23 21
-705034977 -54 -51
39947652448 -66 -62
-43954145938 25 21
2122852 -74 -71
19759140940 172 171
-41844755322 -15 -11
13271341 -51 -51
22828 2 2
-28652147914 3 1
14053346716 63 61
2639610 13 11
-563438 -205 -202
-26461738364 106 102
22820 202 202
-12883 -104 -101
-13221839 -73 -71
13855944129 41 42
-4221839 -101 -102
-443622 -272 -272
30553946155 -12 -11
5351848228 93 91
-17752647493 3 1
-63199 102 101
12152529 -51 -51
1126140 151 151
-358541551 -94 -91
-525150 405 401
-2250449644 -21 -21
-170030010 3 2
-1583272 -73 -72
03711 -103 -101
-819210 -75 -71
-618220 -102 -101
-19264036012 125 122
14915097 2 2
848851255 1 2
-15450549542 -72 -71
-111723100 -322 -322
-12811 -105 -102
-18151348754 -83 -81
7054345753 55 52
27045554572 -36 -32
26944056027 112 111
893146 103 102
-21250449659 12 11
-13450349753 23 21
26505030 -23 -22
-9553946148 63 61
10142611 22 22
7348052062 -13 -12
2162441 76 72
-25144855293 -73 -71
-5350349743 -12 -11
3551448694 32 32
324163 -73 -71
-65350 -204 -201
579021062 1 2
-5245854263 -121 -122
9739260835 -112 -112
-2752647438 2 1
-19202079 -225 -222
45573 102 101
9953047071 71 71
-8448751343 -83 -82
-37757942144 5 1
-39350449694 4 1
-2824915094 13 11
6103029 -22 -22
-43848651431 -25 -21
-10049250844 22 21
-38051748394 44 41
6635464680 -105 -102
13445254882 2 2
35449250884 142 142
18231743 21 21
-5045454661 -115 -112
-21547452637 -33 -31
-44244555538 -84 -81
-752147913 32 31
-3016873132 216 212
-34558741363 74 72
19548751399 31 31
-28055944136 24 21
6103011 -105 -102
22248151955 -34 -32
-25439460657 -54 -51
2943256845 -124 -122
-24775324784 266 262
824167 103 101
18054145958 141 141
9261495 221 221
4854845290 45 41
17832867230 -201 -202
8241674 -72 -71
-7150749390 -71 -71
24628 201 201
164925084 12 12
0301076 202 202
-447752343 -14 -12
4556447 185 182
02811 1 2
-20648851296 -25 -22
-2251547 123 121
-37956343794 94 91
-3825034975 -34 -31
4255244843 41 41
0152553 102 101
-16551248811 -23 -21
-3202019 304 301
-7446353733 -93 -91
-274325768 -12 -11
-19850149953 -23 -21
-1448551513 -15 -12
23745 -304 -301
-22449250845 13 12
-36654945111 34 31
-18221866 -254 -251
-16951948193 73 71
-27946253813 -44 -41
-34763536548 165 161
-32867232856 226 222
-47748851234 -25 -21
-18948651449 -42 -41
-43644555529 -55 -51
-23150449642 -53 -52
02833 -301 -302
124160 4 1
-12182253 -206 -202
-42246653454 -14 -11
-1231710 -24 -21
-2253146994 32 31
23353346787 41 41
1132785 -21 -22
-348951149 -65 -62
-21169830222 54 51
-7648951121 -71 -71
-21850849242 44 41
-30455530 -235 -231
10241641 -71 -72
-62424576100 -75 -72
-14249950171 2 1
-10645454672 -34 -31
-42747053061 -155 -151
1978521562 11 12
-18947752343 -133 -131
-6142671 -151 -151
-665144860 -85 -81
423492508100 -34 -32
-32239460611 -216 -212
-5643156992 25 22
0202082 -74 -72
-3485515100 -16 -12
-32056943166 -65 -61
0241681 3 1
13548651440 53 51
-35154046094 64 61
-29957342794 74 71
-19334865232 -175 -172
8821829 42 42
5452847242 54 52
12149950147 2 2
23443856264 -41 -41
-6448651413 -32 -31
-29654545561 35 31
1356543538 42 41
4048751392 11 12
63010100 152 152
-23754745360 146 142
-36341558594 -84 -82
-37651748342 4 1
-3182280 152 151
23748151954 5 2
9048251891 31 32
-17151648494 33 31
-656243851 1 1
7261486 121 121
0241677 1 2
0241676 -74 -72
-11291169 53 51
0241679 1 1
0241678 2 1
-3142623 174 171
-1648851213 -11 -12
10202025 -76 -72
95084926 -23 -21
-1568331710 -16 -12
-12547352786 36 32
486973032 13 12
15351148912 6 2
64655356 74 71
35247053098 2 1
5053646421 51 51
-7261439 102 102
-37455644454 44 41
10192167 5 2
-1142673 -123 -121
7221814 -102 -102
8152560 -102 -102
5751049048 53 51
27648251886 4 2
-6274125962 -12 -11
2261475 51 51
7848351798 -24 -22
12748351770 121 121
-733756 73 71
-11624100 -272 -272
473326 -103 -102
-13652048094 3 1
-8850449613 3 2
-8245154992 -43 -41
-3202077 104 101
-2314895117 3 2
-37849051028 14 11
-1014260 -104 -101
10202082 2 2
15655744360 31 31
13546753359 6 2
-41455144931 -35 -31
595044964 15 12
-18249350772 -12 -11
14261414 101 101
33149150980 -12 -11
45254046038 21 21
-39449550541 -44 -41
-18847552595 -15 -12
-42515100 54 52
7261471 -105 -102
-28546753329 -63 -61
-3142654 5 1
-25467832289 214 211
-40253346741 65 62
-20149450643 -52 -52
-34051448613 24 22
-37554745343 64 62
-15154745393 23 21
-8445055062 -52 -51
-6142620 -55 -51
-36850050049 14 12
-6251848221 -61 -61
3647752334 -52 -51
-1251148994 -11 -12
-30683244 53 51
3255244843 31 31
-43452048026 -25 -21
1221190 -101 -101
5202084 121 121
-10231777 175 171
-1218223 -53 -51
-16050949194 -13 -11
-7261461 204 201
-20043756398 -73 -71
-30046553592 -34 -32
-43851248849 5 2
-914615395 -12 -11
-13947652440 -64 -61
-17182272 -325 -322
-3244755357 -222 -222
-22703049 13 11
19653746398 -11 -11
-34951848212 84 81
-23545254853 -73 -71
-30550349743 -34 -31
-2705344665 -33 -31
-12380 23 21
-1468631418 -11 -11
-19657942197 94 91
-34949850211 -63 -61
6132720 -25 -22
-36956643492 64 61
-7648451694 -52 -51
8251548511 -11 -12
-27262437612 105 102
8281238 102 101
5752347794 46 42
-26056243817 36 32
8047752363 -33 -32
-8953446623 3 1
5241620 121 122
2349350749 1 2
175094913 11 11
-12271361 102 101
-4122818 -252 -251
773346 -55 -52
-3178831117100 -152 -152
-8202071 52 52
10355944145 -11 -11
-38755144943 75 72
-2559 5 2
2646153955 -106 -102
-41551448634 36 32
1848751345 12 11
-16743057012 -102 -101
-43252147938 15 11
4652247812 72 71
-3548351752 22 21
3354845231 22 21
884745264 -31 -32
2112978 -323 -322
050549550 -64 -62
-27567232857 136 132
352547538 42 41
15067232843 -76 -72
-19251548549 3 1
-45647552555 -185 -181
-1547352713 -11 -12
-14451848229 3 1
-28542857295 15 11
-3164445560 -255 -251
-454445643 1 1
-43246353745 35 31
1424735274 3 2
39524830 74 72
422485515100 -76 -72
-12556543562 23 21
15032767397 -211 -212
2550050043 14 12
315274735 62 61
2735224784 16 12
3952547549 11 12
-1641 -102 -102
-42855844259 -65 -61
2052347748 21 21
1456243833 -111 -111
-24647852262 -261 -262
15049051074 -21 -21
14250449684 -21 -21
15067232822 15 12
5149450664 31 32
12243057095 2 2
-46833174 1 1
-456083926 -22 -21
37052447684 -22 -21
10536463698 -164 -162
-32245254811 -54 -51
-3654585423 -54 -51
026141 2 1
-2565664345 53 51
026140 -21 -21
-38252447655 14 11
9132735 1 2
-243610 -53 -52
-13869430611 205 201
4753746363 102 101
-1522180 -222 -221
2640 101 102
-13271343 -123 -121
-1349450613 12 12
13132773 -76 -72
485214794 42 41
3875724374 12 11
-6953846249 42 42
-2949550543 -22 -22
-424165 -54 -52
-36962537597 45 41
6742357796 61 61
-11247452638 -82 -81
-39347852217 -225 -221
31554945130 31 31
-18642457628 -93 -92
713270 -72 -71
3964635370 -41 -41
0281282 302 302
-2466153855 155 151
-9547652453 22 21
26152747317 82 81
-26367332737 186 182
-32761538547 103 101
4162475 -123 -121
17141758361 44 41
-6192139 -174 -171
-4153646421 -41 -41
1202058 3 2
-6350349748 -61 -61
950249810 6 2
38350949176 172 171
-152747362 1 1
02119100 -75 -72
-15543356764 -63 -62
-14053047030 65 61
-116240 24 21
15549950195 -32 -31
14440259879 -81 -82
20846953198 32 32
-4055344738 -12 -11
-40749051056 5 2
41650549593 15 12
-38756243862 25 21
07346 1 1
-18279220862 34 32
-517237 51 51
1385274734 -12 -12
-38750349798 73 72
-5337100 202 202
316249 4 2
-13274325719 305 301
-14253846213 33 31
-38847252894 -94 -91
08220 405 401
33594183 -16 -12
15254845296 121 121
5455344710 56 52
912280 121 121
33747352769 -12 -11
-24551748388 24 22
26758841243 121 122
-22274525578 324 321
-39051748357 -14 -12
1371 3 2
-7247752394 -42 -41
-50942357729 -296 -292
20549550552 33 32
-1948551513 -12 -12
1414885126 15 12
0261414 1 1
013930 -74 -72
7651348789 32 31
-974325779 1 2
21048151910 -24 -22
-45849950141 5 1
-43349150910 -34 -31
-5024855157 -255 -251
07313 4 2
-11221871 -24 -21
06461 3 2
-3250050029 -44 -42
5049850256 22 22
-6241677 73 72
4211916 101 102
-2746653441 -24 -22
168731311 1 1
-15871928119 266 262
-2547752394 -21 -21
1049450656 -42 -41
-19830369781 -245 -241
-6243656486 -65 -61
-1192141 72 72
-4454705305 -44 -41
6851848223 -12 -12
-5261838241 -54 -52
-7152522 -25 -21
2649051094 -61 -61
-13047852249 -104 -102
-102119100 56 52
3250149913 23 22
-5955944172 225 221
-3351049043 -31 -31
7132710 -23 -22
1451448676 11 12
-850549553 1 2
-11646653481 164 162
-35153646457 5 1
-36753746363 14 11
8162420 53 52
-36851548511 4 1
-14253846250 2 1
-2449750343 33 31
-5148351738 -12 -11
265264740 21 21
6649450625 -51 -51
-36851049029 35 32
-14456243822 54 52
15649850266 182 181
-53280 3 1
13261437 -72 -71
07320 4 2
3151648464 31 32
-43644755311 -74 -71
325153 173 172
18635864269 -121 -122
-15450749313 -33 -31
-3749550543 2 1
34048951186 -65 -62
10755344727 21 21
-81624100 -203 -202
10221876 -206 -202
3162417 -172 -172
10221873 5 2
-10142676 -253 -251
4251584 -21 -21
-35951548594 4 1
14261454 1 1
29604083 161 162
-3231714 172 171
27450149988 3 2
-26648651464 -43 -41
28948851215 41 41
-33647752310 -34 -32
-24643756393 -73 -71
3053846210 31 32
13953346736 22 21
-21247252853 -33 -31
-40154945149 55 51
-31253146937 84 81
13850149996 13 11
31256044028 41 41
418227 -122 -122
-14350149953 23 21
11254445611 91 92
-4043356790 -41 -41
-951348748 1 1
-34463336713 195 191
-23143356710 -63 -61
-27659740388 85 82
41649650484 -25 -22
-4448551510 -44 -42
-16152447665 12 11
312280 -21 -21
-76340 53 51
-11132748 -305 -301
65194817 1 2
4347652484 -183 -182
-7853546549 32 31
-34254445650 44 41
-27073027014 236 232
-3231737 -73 -72
-2241646 54 51
16250949122 96 92
8453246828 41 41
-25872427610 285 282
-6248651438 -81 -81
183239 -273 -272
-4231719 -55 -52
-883229 -75 -71
-2950649495 -21 -21
-163410 26 22
27853446683 42 41
-35752247832 -154 -151
39150249879 32 32
24533466681 -131 -132
-315250 123 121
-41753047041 -15 -11
-46850649438 6 2
-7959140926 -71 -72
8352947124 32 32
-41745854250 -24 -21
17345354746 -63 -61
12349350762 -11 -11
08240 302 301
-451348748 1 1
11182235 151 152
-42552947157 5 2
4457142992 1 2
51921100 25 22
-9452447653 -32 -31
9249350772 -22 -22
-35754845265 24 21
5172316 -24 -21
2172322 -153 -151
-73284 203 201
-625134872 33 31
-852447632 52 51
24551948178 -55 -52
6747952142 -25 -22
852747353 1 1
-15651748393 13 11
5555544591 53 51
-39955244853 25 21
1357142942 132 131
-883241 -272 -272
-45549450657 -45 -42
-18246453644 22 21
0162445 -51 -51
-43052147939 -15 -11
13552247857 122 122
-35552647411 14 11
3852447626 31 31
-1853246844 -41 -42
30044855210 23 22
39149850280 36 32
-27454945195 125 121
-33944155922 -234 -232
-6648751391 -14 -11
-883276 -221 -222
-25772727333 235 231
10182216 26 22
-4546853222 -42 -42
-21950050053 -33 -31
-151327100 -275 -272
4852847251 42 41
-42756443624 15 11
11358341749 111 112
4457142962 41 41
-52044455619 -284 -282
1225434577 -21 -21
-6281224 2 1
315314690 33 31
-1202058 -21 -21
31454345795 62 61
1614665342 45 42
-1795244763 3 1
16146353772 -14 -11
-22218100 -53 -52
0910 304 302
-23346253895 44 41
-38850349750 -44 -41
4357142938 82 81
6147552592 -44 -42
-25604016 14 11
47377 102 101
-41547852254 5 1
-5045954122 -106 -102
-145324685 2 1
1954145941 1 2
10231717 2 1
-41838961179 -125 -121
03792 -101 -102
8122818 3 2
-872727341 1 2
-2451748348 -21 -21
-32042357784 -75 -72
515124883 1 1
25751248832 41 41
11142651 21 21
-1731 -101 -101
-2124735274 -62 -61
-24548451655 3 1
-37258042065 95 92
-19445683 76 72
34549550598 132 131
9458241842 61 62
4451948111 41 41
17348851227 -24 -22
-34146353755 -23 -22
2052147929 -13 -11
414260 -101 -101
03783 -106 -102
1122871 -252 -252
-873526562 6 2
5957742321 51 51
-5192177 -124 -121
5162449 73 71
-343630 -72 -71
-60214381562100 -126 -122
-9271334 53 51
-46546653448 -85 -81
10182246 -176 -172
-38952647413 14 12
37152847245 201 202
-13949750388 3 1
-6949150938 -22 -21
16654545535 1 1
33190 103 101
-51921100 -123 -122
2251546 153 151
04661 -205 -202
847752386 -32 -31
-4947452610 -45 -42
1651348753 32 31
9251534 -52 -51
-3714975037 4 1
738627 -262 -262
10456743350 61 62
5153146957 22 21
-39455744328 45 41
-99310 -201 -201
424955057 11 12
-46542157957 -365 -361
3211969 102 101
13142638 54 52
-34915097 3 2
746253894 2 2
4342058029 -103 -102
-36554645464 4 1
-3676223862 2 2
12551948112 2 1
1152447638 62 61
1377222862 16 12
31454345751 32 31
-5647053094 -42 -41
5211936 71 71
25648451654 44 42
1245174836 6 2
-556843213 42 42
-1352447613 22 21
-35862038061 135 131
6939960158 -92 -92
-27313 -105 -101
-39050149945 4 2
438515485100 -52 -52
-12515100 -23 -22
-5048651421 -51 -51
-4947452672 -24 -21
1122829 -222 -222
10231756 73 71
2244655496 -53 -51
31451148966 152 151
-23249950113 -13 -12
25850849286 3 2
10758241813 101 102
-41849850294 -74 -71
7347352746 -64 -62
32713100 71 72
-6948351738 -102 -101
-16845754329 -42 -42
10231746 22 21
3454046042 62 61
-38150949111 64 61
3162473 4 1
-8841642 143 141
-17971228825 216 212
-32119100 -71 -72
20049250895 -52 -51
30053546595 1 1
-62119100 205 202
-2652247813 12 11
-3252847226 2 1
-18551548543 13 12
04621 203 201
-27546054044 -63 -61
8546353749 -82 -81
-1231781 -24 -21
46460 101 101
-1231780 -23 -21
2251585 -73 -72
1122844 -202 -202
2362537594 -46 -42
-36452347754 54 51
-36154345794 34 31
-14750449610 3 2
1023177 -52 -51
-2112948 72 71
1351748344 11 11
25533 4 1
-71723100 -174 -172
03763 102 101
-755644438 22 21
554245843 32 31
-25742357795 -103 -101
117230 -24 -21
-3138627 -305 -301
3749650414 -42 -42
35046753379 -22 -21
-15353 -123 -121
2152347710 21 22
-4204545460 -54 -51
39345454680 -103 -101
-24947152929 -33 -32
749950110 2 2
-4485394610 -155 -151
10252847211 64 62
16455944145 62 61
016243 -201 -202
-40352048064 -14 -11
-5651148947 33 31
-2258427 26 22
01822100 -73 -72
-6152529 -22 -21
-19550149992 -12 -12
26049051079 -41 -41
12852147928 -21 -21
-24143556593 -93 -91
-43654245840 -75 -71
-3766133910 -31 -32
-375924162 2 2
-1285044960 63 61
3237630 232 231
-6349950138 -22 -21
-37749750310 24 21
-1152510 -202 -202
-3750449613 -33 -32
-42812100 -121 -122
-751648431 -22 -22
3053146953 31 31
-17947752348 -23 -21
26245154996 11 12
-37355244898 -145 -142
22647152997 164 161
21451248896 -31 -31
42449650492 31 32
-28335464676 26 22
-6231763 122 121
11852247814 22 21
10948851228 -23 -21
-15149250814 -231 -232
26491 102 101
-26742757399 -52 -51
34352247884 56 52
-232883 274 271
13539360727 44 41
-33662038044 85 81
-7349850262 -71 -71
-41655244837 75 71
59310 -105 -102
05588 4 1
12271319 102 101
350849211 -12 -12
25548751397 164 161
9122877 1 1
3454245837 124 121
-1152540 -51 -51
-38348551598 3 1
-3051148913 2 1
-19150349713 3 1
3757542510 31 32
2251519 -203 -201
-32951348731 64 61
-27458042043 105 102
11850349718 113 111
04688 -104 -102
04683 204 202
4151848292 31 32
-8752647493 93 91
-2453146913 12 11
2251525 51 51
-6192171 175 172
-20644455644 -63 -62
-30747952194 -14 -12
8232467680 -164 -161
-4552847238 2 1
1047053055 -12 -12
-59316 -202 -202
26488 201 201
3650149924 -22 -22
-10221817 25 21
-3458141943 82 81
-2050149960 -41 -42
752048048 1 1
-30266233860 105 101
-22652447617 44 42
-1415354654 22 21
4651848265 12 11
14142677 56 52
-574266 144 141
-611290 24 21
73640 53 51
-42554145910 -35 -32
-5052048094 -12 -11
16248951137 73 72
9441258895 -83 -82
178322678100 -211 -212
-1853047042 -12 -11
-172317100 -124 -122
1251539 52 51
-14252347729 82 81
9122849 -25 -22
-5850249813 -22 -21
-61822100 -152 -152
-1127130 -25 -21
593169 -153 -151
13142671 71 71
485284726 42 42
11623869 -31 -31
-2747952129 -41 -41
-41355144926 35 31
20653576 61 61
-35651748311 4 1
26464 201 201
1027133 52 52
-915250 -125 -121
-31525100 -271 -272
30147952169 3 1
154945148 22 21
2291179 22 22
