-1786783220 214
-734785220 -53
1414655350 -21
1945284720 23
317230 71
1614765240 -12
625150 22
-2024285720 -33
146100 101
-2625494510 -14
1814875130 84
-125384620 14
-1213270 25
2514475530 -83
224160 125
144685320 5
-364875130 -34
874745260 -94
-594965040 -11
-2734785220 -14
-4775005000 -75
-1445984020 84
5005264740 125
019100 -303
764745260 53
43216790 3
718220 123
2434815190 -21
1215424580 92
3537630 21
63190 105
-2074825180 25
133280 103
294945060 21
-52119100 -21
1524795210 -55
1825364640 -22
-53190 154
-1754885120 65
-1804595410 -144
-412280 -101
625644360 65
1865764240 93
3724205800 -92
4186113890 124
2515524480 72
2643966040 -103
355284720 -23
373396610 34
-518220 -125
165124880 15
-2274765240 -33
-666463540 105
-1536640 -145
-343478522100 -51
-13136870 3
525424580 123
-1222180 -104
1954995010 12
-220200 -55
2835074930 15
-32515100 -71
420200 105
-1854965040 -75
-142496504100 23
-416240 -24
727130 104
394665340 65
-214785220 -42
2225704300 4
-1261390 114
-75014990 4
134765240 -25
-1584275730 84
4565254750 183
064100 -203
-3775024980 35
2564345660 -51
1395134870 45
515904100 65
3344635370 -53
4044185820 22
44875130 2
1534575430 -101
875124880 -13
1434995010 -25
-55445555100 -52
3945844160 102
1684905100 -22
-1152967040 4
2995114890 4
-2345194810 94
228100 102
462327680 4
1305224780 105
-43370 104
4775124880 23
304875130 35
-234500500100 -33
-113270 -25
1555674330 63
-1555014990 34
4074665340 -42
1454915090 11
-92614100 51
1444825180 5
71493507100 71
1984995010 25
1111290 -73
3644775230 -54
629110 224
355100 -202
3874385620 -22
165094910 -12
4205464540 51
61624100 -73
-795124880 -75
1924855150 2
1424625380 -31
-82812100 -201
5205564440 282
3935044960 62
21822100 53
4344805200 24
102614100 253
184705300 13
92119100 122
-629110 -55
304895110 2
-2015250 -423
-794885120 -72
-1217230 -305
1822087920 -35
4655344660 85
1435114890 -14
2203796210 -63
1315250 151
3294875130 -63
2804415590 -23
-429110 154
2304775230 -22
3535324680 84
1262487520 -364
3415374630 21
-2614845160 -94
4504875130 4
82317100 172
4024675330 -61
1073156850 12
-1315005000 -24
-221190 -52
3135284720 81
2864795210 2
-3755014990 34
2634875130 -42
-154965040 2
-344605400 -63
62614100 123
1795234770 22
-544475530 -54
-323170 -72
505414590 104
4315254750 5
295134870 91
3565654350 34
944705300 -25
2546063940 55
125344660 73
2165664340 71
122180 25
-3514725280 25
-514260 -121
-73190 -25
604255750 -121
-1944505500 -125
-405044960 63
3283286720 -221
-4384705300 -35
-1324355650 -125
-817230 -203
4815104900 42
00400 -53
928120 4
-122812100 -71
994645360 94
-2084435570 -34
1375414590 15
-2006963040 224
3365234770 34
1035034970 104
2704665340 31
2323170 -25
-2005084920 54
2055164840 23
-384765240 -35
219210 75
2115014990 -21
2082797210 -273
-404495510 -123
3823996010 -125
-51129100 -121
1324160 204
82737270 1
-194595410 3
13730 21
-1955804200 65
-614345660 -65
625144860 82
-4235084920 35
1515084920 233
12416100 273
-2940600 -163
495264740 43
784655350 -32
-1015814190 104
2125914090 74
-314260 -22
1322577430 -303
-534825180 -94
3013136870 -212
963166840 -213
2195005000 35
3814915090 -65
54325680 -41
1284965040 -61
35144860 1
-3915014990 5
255084920 21
428120 -104
-192157850 -14
-630100 25
-1244835170 5
220200 51
3955284720 54
-144375630 -34
-85124880 1
255234770 21
3454135870 -72
5385754250 164
2113026980 -55
-3965374630 44
-1594865140 -23
1955084920 15
745374630 94
-3704765240 25
-1644415590 -65
4324795210 -12
4154495510 -14
-515494510 5
113270 21
-317230 -75
2105474530 44
-975074930 -25
3904835170 11
122812100 303
16249751100 -313
516563440 155
1094705300 -35
295444560 45
62576424100 71
4832100 -302
1034845160 102
-1506733270 215
1956440 -73
-1354785220 -122
-874475530 -43
-425124880 24
315014990 24
4104385620 -11
024160 1
3065804200 335
-4544560 -185
-324995010 -22
465579421100 363
5045064940 201
23514486100 21
-182997010 -15
4185024980 75
51797610240 244
3514605400 -62
605234770 22
3225084920 -41
4344405600 -31
3404865140 -21
073100 -103
565694310 -24
-126643360 195
-21129100 -23
01624100 1
244695310 -15
2124965040 -12
-984645360 -84
1255274730 -35
2020200 -1004
-204885120 3
-3914985020 -35
-62020100 103
-11327100 -21
1505044960 -35
564895110 -33
-3034875130 -154
-1875334670 24
11921100 71
129110 24
63550 -55
-2394895110 5
-921190 174
82218100 203
02020100 -53
1715154850 15
-1024895110 4
33280 71
237336664100 -242
-1025150 -173
91723100 -152
694625380 -41
-1974095910 -174
101723100 -171
-2044945060 -54
-1064465540 -73
619210 55
2315674330 63
620200 104
-446100 -104
-282100 -104
1818220 -74
765164840 53
845504500 54
3685005000 -11
-104905100 3
-41228100 -102
794095910 71
3904165840 -32
1825074930 12
3835694310 344
268462538100 -112
1914975030 1
4055484520 31
104975030 12
3194325680 -73
-515304700 25
-2464695310 -84
52317100 172
2753276730 -182
-415084920 -24
-2324915090 55
2065564440 62
884685320 74
3264715290 1
-394755250 -12
131624100 102
341575425100 122
2784705300 -72
-621190 -154
2552577430 -284
4164775230 143
84695310 2
74445560 -22
-1706153850 145
2295364640 44
4254595410 35
4684945060 5
-314845160 -31
028120 2
3775084920 4
-78517483100 22
387497503100 -72
1582817190 -263
-1524160 5
1564575430 5
-334525480 -23
4594895110 -11
955244760 -21
-984225780 -91
374965040 35
-2824945060 14
-51822100 52
221190 -174
-204795210 14
3534875130 123
-3375274730 15
-465164840 -12
3334805200 44
-122180 -23
14735270 4
-422180 -101
-425054950 -12
375054950 4
-2174355650 -114
715250 -204
-1975954050 84
-91525100 -153
028100 -402
1717230 -54
2332667340 -242
13280 173
-3337100 202
-594565440 3
3934595410 -82
-14515490 -25
404475530 15
21723100 -102
-612280 -105
-61030100 -151
2795384620 45
1792887120 -213
1395254750 42
-544725280 -51
274745260 5
-728120 -25
-31327100 -73
1855134870 -12
-665064940 53
1125264740 82
1529110 375
1752157850 -51
165516484100 113
1314665340 -85
453926080 24
527130 2
455324680 41
2955594410 184
854855150 84
2502657350 -234
-368545455100 53
3844845160 -44
1017230 52
2634660 82
121723100 -101
3635854150 81
3884975030 41
282100 202
-101426100 -152
3223316690 -132
-265104900 63
42416100 101
32417590 5
921190 -51
4115304700 42
2614655350 -91
04955050 62
2972997010 -221
3965334670 24
-484725280 -43
-4034815190 -25
-104241759100 3
-2058420 123
724160 275
575554450 4
-191100 204
-1826383620 125
-355100 -205
2265624380 104
904995010 64
-444295710 -44
2762867140 -241
1332680 -123
-1715094910 -44
1495024980 31
-844685320 -43
44565440 2
141624100 22
5285314690 294
-444475530 3
-594235770 -54
-1065804200 54
-3948520 -74
4865164840 21
145154850 15
82119100 51
-2395154850 25
-1215014990 4
-2016853150 215
3824765240 -12
-1396433570 155
237100 101
-3255624380 -115
685854150 265
4494865140 3
222377630 21
-1355144860 -54
-2205014990 4
3055450 234
2575234770 254
184685320 42
-346100 104
66340 -102
-382437570 -15
3364915090 -32
-1019210 124
-3146540 123
-528120 105
-264895110 -24
1415124880 151
923170 225
624160 151
-1020200 -24
-225544460 54
-31469531100 -33
82657350 1
-723170 75
1227130 5
-194905100 -12
2425474530 51
225150 54
505464540 111
2730700 -91
2724775230 -13
-3554925080 15
-1615374630 15
-1121190 104
-164100 -102
304645360 31
-1215484520 34
1174715290 -21
-1364100 122
-465304700 31
-483036970 -14
-204775230 -25
-825150 -155
3574785220 153
-1565104900 4
1303536470 25
14835170 2
-1594705300 -163
145404600 95
3444585420 -11
-2186313690 125
285144860 1
-322180 -74
-505024980 -23
2355254750 -21
-3564665340 5
2744515490 -124
-1785514490 -24
4265514490 51
-1044335670 -62
295054950 23
1564835170 -14
605024980 31
-2895124880 -45
3734965040 -12
628120 152
82416100 202
-2245734270 -104
4035564440 15
-515250 -174
464985020 11
-21525100 -152
4144495510 32
-1735474530 64
624865140 61
-574905100 -54
4565404600 153
-344585420 -124
2883086920 -245
-1384415590 -43
-1685264740 85
31426100 -23
4895284720 62
522180 155
63211789100 -33
-1503286720 -15
-417230 -102
2045274730 42
-724765240 -54
216240 -54
82713100 103
-126585415100 183
1535104900 -32
-818820 -43
-1544925080 14
-75384620 3
-1786723280 205
-12713100 22
505144860 54
4365534470 71
-675114890 21
-965014990 -82
-110300 -21
-134355650 -41
-824855150 15
-2575424580 25
2265504500 113
-63280 -55
233538462100 -43
3514645360 3
-404725280 -41
2702707300 -231
-254655350 2
-3341590 12
2184925080 -45
1544955050 72
-2319100 102
-75114890 92
-4964685320 -104
-1074475530 -23
4525614390 82
43280 125
1127130 274
1165654350 14
-524160 -124
-830100 155
-42119100 -153
2222557450 -321
4245504500 45
-374255750 -32
-104695310 64
927130 224
2434735270 -32
22614100 102
229110 54
-2650500 24
3614575430 -32
-275244760 44
695094910 22
634975030 65
-1034415590 13
-1319100 201
-62487520 3
-21228100 -122
2914935070 -12
33460 -25
-39454546100 -31
816840 -142
1414755250 23
-91426100 -222
-1375334670 44
1021190 204
4254715290 1
-7319100 71
95234770 14
2663316690 -173
-2544805200 -65
1275434570 124
01723100 23
4614955050 184
224935070 -22
2723766240 -103
53460 205
-174785220 -12
133190 223
4365554450 53
1514455550 -11
1544935070 31
-326140 174
2654665340 -45
-13010100 71
4805914090 145
-3455054950 -135
3554275730 -111
13007000 5
-2716893110 145
-118220 -25
125150 204
-52317100 73
-511290 -125
230100 4
-1394675330 -24
454725280 2
918220 -101
3715034970 2
544605400 32
-240490510100 3
-422515485100 72
-816240 74
055100 5
2554835170 11
4425554450 83
1205184820 14
-485314690 53
4644935070 11
-1214260 5
-574875130 -32
573966040 54
4625454550 245
63280 74
4394595410 -25
4274365640 -15
-435804200 104
162614100 251
1684615390 31
273007000 23
3744560 263
182100 3
2264885120 -22
114785220 12
-1028120 -155
-1225704300 5
137100 101
2134905100 -43
215444560 33
-1324245760 -112
-464825180 -13
2540600 -13
-5319100 -151
03550 75
624825180 64
212119100 -72
2626140 -25
-2328100 271
131426100 -51
2923306700 51
-2635244760 4
3494825180 -84
13370 73
-54513487100 -51
128100 203
2665144860 42
-141327100 -53
517230 -121
3715124880 2
-134835170 -14
-64815190 1
-455100 -105
-2495074930 4
2604385620 -34
1322180 122
3693966040 -111
-744685320 -71
202020100 -172
-696013990 94
1312387620 14
1895144860 42
-515064940 -33
-344635370 -61
622780 63
3023386620 -102
-316240 74
685154850 15
104745260 14
1964835170 5
4054995010 -53
-845550 -13
-2674125880 -123
4635604400 11
-41822100 51
-1084605400 -25
-2274705300 -34
3114645360 -52
-105064940 43
-407489511100 23
-45224780 32
-1815054950 4
1025150 224
4154155850 91
4335094910 34
-913270 54
362387620 1
-2936640 -63
1424545460 1
-264695310 95
-905184820 -32
-1311290 -155
-2744995010 5
610300 -122
-1564435570 -33
-710300 -155
3634695310 -13
-3415214790 3
-3205324680 -14
-104605400 23
-1624915090 -94
1634595410 1
3814815190 21
1923606400 -123
817230 52
-211290 24
-1186140 84
324725280 2
-1056363640 165
-564705300 -53
4035084920 41
173100 102
-1725504500 34
4025524480 93
64385620 1
1414260 -23
-324855150 13
-2565384620 -25
2374535470 -141
-1595034970 4
61228100 2
4344765240 5
4174705300 12
-1284795210 23
-626140 -74
43190 -25
4034805200 11
128120 -104
-724655350 -71
83280 75
-74805200 5
-922180 -54
-1665005000 -142
1965204800 3
3774215790 2
02812100 1
373448552100 142
-684825180 13
61723100 73
-3325234770 45
71471529100 71
325005000 41
-34925080 13
-228120 205
725234770 42
1254355650 -25
1724715290 -81
-255005000 -11
-1275174830 -123
52119100 123
-664655350 -13
3164675330 -13
365044960 4
4455304700 41
2125284720 35
725150 55
1445604400 55
421190 55
-144985020 53
-123170 -24
4164485520 -75
2465224780 264
29310 -172
-1014945060 55
1005084920 -22
-155100 -205
3713816190 -135
4375204800 12
-2035650 -63
-1564775230 33
4644885120 5
72515100 151
1515250 -23
143146860 13
-13370 55
-1414495510 -124
565304700 43
-674375630 -43
-1384995010 -14
1255154850 3
-727130 5
2851085915100 142
-3485144860 25
120200 23
1474965040 5
-849510 13
-2105194810 24
3135044960 11
-264875130 -23
2964895110 171
01426100 1
35094910 2
1030100 101
3154865140 -61
-2605104900 44
93010100 172
310300 -172
119210 22
-3348520 -134
1685434570 41
1029110 104
-125074930 -11
2155264740 32
244715290 24
1556393610 154
4785114890 64
014260 22
-2155184820 15
3224225780 -111
-3784625380 4
1395034970 3
-1523170 -25
4075104900 3
-945884120 84
735024980 74
-2055054950 -34
-704575430 -55
-762380 265
1035064940 13
-423170 -105
5025154850 252
93460 174
-4264835170 -35
-3154515490 -34
242416100 2
-424485520 -44
42020100 102
1604915090 11
2714645360 1
662397610 -15
2245084920 -12
-694565440 3
-3044365640 -134
-520200 -121
-3605144860 -14
825294710 12
-31921100 -103
-622180 -152
-2524385620 -35
526140 124
2454585420 -13
3904995010 2
272713100 172
3814655350 11
-484355650 -45
-705194810 14
-1115174830 11
-233756250 45
23026980 4
-1345484520 4
-22317100 121
254322678100 -212
-2725404600 34
-764875130 -33
-52107900 4
-444815190 -41
-273100 -105
-474635370 -103
-156513487100 13
-1742227780 4
23190 5
-255100 5
534975030 14
224695310 -34
2635454550 114
-224745260 -25
1122180 123
-144385620 114
2141590 -83
-744915090 -42
-1085534470 64
4144615390 -33
521190 124
4325374630 -33
3032680 -51
-675214790 22
-3915024980 -35
730100 204
-1674875130 -44
213270 73
-1534895110 4
328120 74
-3105274730 25
3554515490 -71
-644525480 -45
3315664340 41
1505654350 44
584985020 25
-185524480 114
1555494510 45
-7931100 -203
79310 -21
3775034970 -23
101921100 -51
2095244760 -23
-1554285720 -63
-1665404600 -24
1694935070 -33
4294675330 22
2753286720 -132
-115250 -24
-2144885120 34
5373100 172
-82020100 122
-1814725280 44
3464875130 1
5832100 2
627130 -54
4284425580 62
-375044960 43
-11525100 -23
3414365640 -83
255244760 42
-2624795210 53
2454835170 -23
254605400 2
030100 -55
204995010 42
1525524480 154
-704515490 -45
4494785220 35
61921100 71
954615390 -62
1731690 -42
3165564440 255
31921100 73
2495294710 31
131327100 121
-1356073930 -45
2763066940 -193
3664515490 -34
-1122180 5
-434295710 -82
14575430 -23
3539610 41
60215621438100 123
-53010100 71
484455550 -53
874805200 13
2154975030 1
0328100 52
264785220 -11
-1425274730 4
314905100 35
664100 402
4404995010 13
2964555450 -33
-321190 -72
235044960 -81
3540600 11
-135154850 43
-44645360 4
4554755250 31
-634385620 -43
4724725280 264
3894745260 -11
-3545084920 -145
-124160 -23
2944905100 23
-4245044960 -34
4024905100 1
-516240 -122
4225344660 14
-84735270 2
1010300 -22
-1074185820 -101
4055044960 11
029110 75
618220 3
3794375630 -94
35154850 15
34155850 95
-1294995010 -31
73527473100 71
-1804635370 -14
-618220 -151
3994485520 -21
926140 154
2034725280 -14
122614100 253
4575334670 31
2513256750 -252
-544325680 -51
3655394610 43
-1485064940 4
-3025134870 35
-1095124880 25
-3505334670 25
046100 2
4274595410 45
1011290 -121
82549451100 41
-384805200 2
-355344660 44
2825094910 -11
1514535470 -24
-1027130 -55
-295044960 -12
765114890 75
-214775230 -25
-337100 -104
91327100 -51
229268732100 -242
-173100 4
3203626380 -102
-1434515490 -53
-534665340 5
3574525480 -22
-312280 -223
99310 -51
4634635370 153
2843306700 -212
3804835170 -44
05554450 -55
22577430 15
2575774230 103
-976083920 115
-885264740 34
43176830 3
3944435570 -45
-5328100 71
-119210 -21
-2725254750 34
154835170 15
-114765240 -62
2325014990 15
-2925154850 14
2375524480 52
2344855150 43
1265424580 31
-134295710 -132
-2024795210 -44
2983086920 -241
-1018220 4
-944185820 -62
-75444556100 -52
83076930 3
2337100 201
-610300 25
-3015214790 5
4385144860 23
-1215250 24
4025024980 42
824160 -103
845134870 81
-615254750 42
3273856150 -101
1919210 -74
3654545460 2
1313270 -174
613436570 55
-1134175830 -111
1895234770 133
-3834660 -43
2615754250 104
-1404675330 -65
-828120 -55
-834715290 -34
2836463540 -22
3693756250 -41
84955050 2
2355484520 71
523826180 51
1424775230 -82
-72417590 3
4104355650 -31
-1605404600 4
-325150 -71
-934625380 -43
-234645360 -62
664865140 85
895284720 92
2465634370 74
-22416100 -51
1616240 -101
3583806200 -135
1974045960 74
124160 -153
-128120 -24
4154865140 -34
3204315690 63
-4164955050 -15
204685320 24
4185534470 15
162416100 121
1774745260 4
1255544460 183
-1215005000 23
2534305700 -162
255100 5
-21426100 -52
2844345660 -31
965534470 71
3723726280 -51
529110 201
935694310 15
3162380 305
-164795210 -12
-1424160 -54
-505044960 85
-2695604400 -115
4585014990 4
127130 -104
2572737270 -231
63010100 103
3475154850 52
-784685320 2
-144765240 -71
270487513100 3
4175424580 22
3844855150 21
5305564440 104
3394255750 -31
66513487100 12
05824180 105
-185064940 -12
13460 -25
-94775230 -24
164100 103
3171117883100 152
-3624855150 25
01327100 1
944765240 31
594415590 -221
426140 102
4155224780 3
3473656350 -165
-25344660 24
201422578100 -113
132911100 323
1714955050 1
4065084920 -24
262347660 25
-735204800 14
-2775784220 -65
1936523480 175
-41525100 23
-1014260 -251
3424335670 -72
-319210 -73
104895110 13
4665894110 94
-627130 55
-42515100 172
3764835170 2
695174830 103
-1365454550 -33
915394610 15
-3235044960 -64
2215054950 31
-594625380 -35
114765240 -21
4554795210 33
-805234770 35
-1524525480 -122
2455164840 3
118220 205
02218100 72
022180 -73
1675704300 103
-3395294710 -25
1654885120 21
-54585420 -33
1854855150 -13
-223170 -55
174635370 -11
854915090 54
103190 -24
-4165044960 25
215084920 24
827130 272
-2565164840 -44
-260532468100 11
2344805200 -63
-26474526100 -21
-3054615390 14
-165084920 -11
3874495510 -72
-634535470 -61
3315624380 42
4474685320 1
22380 -101
03640 -25
365364640 34
2824695310 3
2686723280 2
-324485520 -32
-174915090 -11
-3714725280 -205
245034970 -34
-3995244760 63
2643836170 -103
3425064940 42
-811290 -204
0100100 205
3564835170 1
2065124880 24
-1085204800 185
92492508100 91
7832100 -202
215224780 21
525150 -74
-144865140 -11
-2175144860 -24
-927130 -202
2213136870 -153
-865474530 5
3054975030 33
-264100 -205
3373100 1
485144860 55
1395244760 64
-695054950 4
4304795210 15
1212280 -224
-4384855150 54
-222467540 5
2525150 -25
-3405114890 63
-3674605400 -104
017230 1
1425014990 2
2264765240 -44
3655424580 55
-514695310 -23
-994705300 -72
112119100 153
1024935070 -13
-61228100 -102
305624380 135
4275304700 153
81525100 -201
5245884120 215
-405204800 4
-2525024980 -35
275014990 25
-208531469100 -33
-94925080 25
1525144860 -21
-1565274730 -14
4384685320 14
319210 75
3684905100 -33
-33280 -54
4364585420 72
1694815190 -72
2230700 -12
-2225194810 33
-494875130 -22
-717230 -171
-1126140 -25
514985020 22
2413386620 -133
3755574430 122
-164875130 -31
34925080 4
71723100 -23
364725280 -14
882327680 2
-2614735270 -85
4174565440 -24
1986973030 244
320200 105
285244760 32
-174825180 -62
-2405074930 65
1504845160 14
2363370 53
-1314260 -74
1364815190 23
475344660 41
2015064940 52
155064940 11
-1254815190 4
84765240 -53
33010100 -52
515174830 13
167143015700 75
3694345660 -62
3254275730 -82
3443676330 -191
4565194810 32
-1124565440 -93
2455144860 35
1054915090 101
-265424580 -54
2054715290 -22
302427580 1
425274730 52
154955050 15
1494915090 12
63730 105
-295684320 123
516240 123
-85234770 33
-685174830 -34
-424160 -102
2794825180 -93
-1715834170 -45
-1936803200 155
-304625380 -34
25164840 1
194785220 -44
3940600 101
-41426100 1
3754535470 -61
-3935464540 105
-1534985020 14
1404705300 -64
72572428100 72
-675774230 -62
314925080 14
02119100 1
5095774230 295
-4524605400 -25
4484615390 153
-1714565440 -45
-564925080 2
3263296710 -171
-1415124880 -12
-2114985020 24
-517230 -123
33640 125
-774635370 -73
-1843416590 4
05124880 1
644885120 -13
-3144895110 -155
3035134870 13
316240 -204
-75394610 -144
153176830 15
-14885120 2
526740 -143
263026980 25
-13640 221
92577430 1
-925114890 31
635014990 25
-1304425580 -55
267573427100 52
-124595410 -12
-152416100 -221
-1065064940 -14
-1184785220 -24
1344975030 -25
4535034970 2
32020100 -103
-132287720 -14
414645360 44
35114890 61
115164840 55
-2964785220 -64
-454745260 -25
3124695310 -83
-2456663340 135
4094465540 -52
1414925080 -72
124895110 11
1444385620 -54
-354865140 -31
-1565024980 -182
3235414590 13
-99401599100 -91
2764035970 -83
-2596313690 54
3155564440 25
-534625380 -52
-125150 -22
-41723100 53
3474875130 -22
2424160 -22
275214790 42
-1138620 33
3225314690 53
-2705454550 32
-435264740 83
-615164840 -61
-176340 -104
-964465540 -95
247247753100 -261
-102119100 3
-195513487100 -33
410300 -451
-2074915090 15
4161035965100 111
-804945060 -11
-514885120 5
019210 3
02416100 1
925150 123
622180 102
-211483517100 -13
1229110 505
-1205054950 42
3654645360 11
-1614405600 -132
-225054950 -15
227130 -154
-1123170 -21
-3554735270 -35
1352717290 -12
66566434100 63
-1866423580 125
-53280 425
325150 274
244835170 22
-3315094910 14
1214795210 -14
4384885120 1
-925074930 24
-414825180 -32
-71426100 -122
-235005000 63
-185134870 -13
195154850 15
-324160 -73
3785104900 -12
344195810 -82
4014515490 -52
123170 25
383515485100 2
03820 21
3724215790 -61
-1374335670 -95
-513270 -75
2314965040 51
3744445560 -44
1426773230 -12
-826763240 165
74795210 -35
-1224575430 23
135064940 -11
103550 255
275344660 21
-818220 -202
2242580 -23
1254915090 14
337100 1
-14615390 2
81426100 -23
-405134870 -12
-2454565440 -125
-855374630 84
-322491509100 11
3245154850 93
32119100 103
-504645360 -55
-246100 -202
41525100 -53
-74345660 5
1465764240 54
-2154505500 -54
-1026140 4
2855724280 -14
894665340 3
114795210 62
3339610 -11
3794075930 -64
-74426574100 -73
-154245760 -33
-233467533100 -43
-1184975030 -114
-52515100 -121
127301699100 -183
3474685320 -41
51921100 152
-455005000 3
62218100 151
-914205800 -95
-73280 74
-1392897110 25
1383066940 -203
3734955050 2
-130100 155
3074295710 -21
98488512100 23
1794765240 4
624875130 -33
-3704845160 4
2755404600 62
114260 21
4555064940 43
-1384735270 14
-129110 -21
2633276730 -183
-25044960 22
74935070 65
3945054950 42
45234770 11
-1674975030 -54
44525480 2
135224780 12
-1017230 -251
321190 72
3075214790 11
-619210 55
626140 151
71228100 -72
-3124405600 -44
1405014990 5
3854595410 3
-15094910 2
-435244760 185
355224780 53
622597410 14
3035650 -51
2594885120 21
264100 102
-735274730 63
-54675330 -52
1935574430 14
3225484520 53
4301047953100 122
-454275730 -71
-2345624380 45
-2265294710 -164
-1175074930 14
-10914501550100 -33
-827130 25
3363806200 -82
2074945060 32
3085094910 103
1594665340 -34
4064961504100 -312
3454475530 1
185184820 14
037100 -501
4025514490 34
-265394610 101
-374945060 -22
-105304700 13
7319100 121
-1094725280 23
-184765240 -11
-2765184820 5
3934965040 2
1196763240 205
-730100 -125
643476530 94
-1235074930 14
94785220 2
-2584925080 4
4185354650 53
334905100 34
-11921100 71
51426100 -252
-2474755250 -34
-875674330 45
102119100 -203
-327130 274
595274730 31
528120 4
3915054950 2
504875130 71
-924160 -24
1578220 254
93280 204
-365234770 54
-2555064940 -63
2185824180 165
126140 -74
1165344660 -161
484575430 -43
-1414260 5
-2984815190 -25
-3263370 -234
-1022180 125
884965040 2
2463856150 -153
-515414590 94
3424745260 -22
-3834915090 -175
3335650 31
-2164915090 -42
11723100 22
235650 -103
704975030 55
-222180 -52
1505005000 -64
1645244760 34
2035294710 -14
-484525480 -44
-3004655350 5
2502527480 -251
3226063940 215
-1505104900 24
-112812100 -51
-985594410 52
-256448552100 -63
162547460 11
-874335670 -52
7364100 321
200563437100 73
423170 104
-1615344660 -45
2855334670 65
2665474530 35
519210 123
3495024980 61
32713100 201
2125274730 61
-314735270 -65
645144860 31
325534470 225
228230770100 -341
3594855150 4
-396541459100 22
584955050 112
-1185704300 75
104825180 12
-2574885120 -45
3824975030 31
3005354650 33
175034970 11
-4335005000 65
94875130 2
74845160 23
-804835170 4
-354415590 -35
-318220 -72
2415654350 94
143010100 351
2993636370 -192
-111129100 3
-55064940 1
1015404600 82
-2635254750 -14
13550 125
2121190 -24
-3905005000 13
-1184115890 -92
40567433100 41
3885284720 94
-805384620 4
-415014990 15
375204800 31
244725280 5
117230 24
-1355334670 5
1364805200 1
3674635370 -11
021190 5
-464785220 -73
-911290 -103
-2574955050 -34
266436100 142
3395594410 235
-1664555450 3
3205774230 74
2315114890 2
1065464540 34
3315104900 1
954915090 94
72119100 121
-464695310 -43
3544865140 51
-2010100 -204
820200 -52
2582767240 -282
3005374630 215
-1974515490 -14
-1384465540 -84
224805200 22
-34755250 -41
1864875130 -64
-33190 75
819210 -123
-1725604400 104
3132680 -81
-217230 -53
-5346540 -184
132416100 201
-2375194810 4
2222180 -72
4234425580 122
32416100 73
205214790 22
1295414590 62
-1254875130 -33
3424565440 -41
-404985020 -54
-716240 -171
155100 2
1345034970 -73
-235074930 2
155274730 11
-928120 -24
13190 225
-32911100 151
-574775230 -44
-1625114890 -73
-1114260 -174
2024885120 2
2744205800 -103
-1326140 -55
355174830 -23
1714845160 -31
2284815190 52
4134495510 -24
315064940 5
-3515314690 65
1421190 203
214745260 -53
1213270 171
995504500 91
-196463537100 13
2994275730 -75
3584725280 -71
-3154885120 55
-395074930 3
-65354650 -75
082100 3
5319100 122
-2454815190 54
-3525304700 4
224965040 24
-2661390 -15
5245504500 102
-94985020 5
723170 54
-82515100 -171
-101228100 -123
-3144575430 -65
-2675294710 14
71525100 72
2272287720 -355
-364995010 24
2884425580 -41
-344895110 45
112317100 322
3684855150 4
192020100 222
-304695310 -35
-611290 -125
304905100 -13
3554745260 -14
-2555134870 -165
3935224780 224
330100 5
1885254750 14
-729110 -25
1353470 134
445154850 44
-314715290 -32
-437100 -105
2405884120 114
-1735124880 23
204795210 22
-484795210 -43
654815190 -24
1145584420 -55
1964215790 -93
-3005524480 -24
3445374630 42
329110 -74
2075224780 5
-2784665340 -44
2664945060 -11
-1024725280 -62
504805200 14
-23370 74
-904985020 -91
12317100 -73
1027130 255
